90008179737137449057850374296041230231448818231836430412891860501369559957934170566478171795337452573291424987820066966816786
11421932734664050282853577818350442368737025841021682351565157149258626742693172908157392514275953021340373789403811298198112
98078491418506031705393320777252539769380080434092015114759613380134199900073766190656627700475488778765198284763526475740644
27316250203873295755542616481830176762741844790191881961666387319684382599128392790817587468185935956109594742996822851456430
69484825595272003071580933663162309410919484264168162456415987660087356646694839288039098048397766765190012006438103559476605
88069969501403804546943579852833051109937002040256969349389081744254318024154760523379227341047257631357870025582656575655762
80287299653975203684260833623532172260301953877104948974634491969795223647429108528213960088039791160860481243853022341993839
24991718535415280310113584497118196223057217585054424117851185779066465713336737557959912721815816999403404005977799509009387
94105635897632572090115578423870737926720667529354650785092097190423285571405764586233014713860412587453302519904925365053190
97579361513768484093327016400392747317813233241703668415416772312215392017584308053216229869225533755406585221970664283011521
26922180747302988792242268015811653288932681435250372571196328352983376180380761853771398551698460440113037088548297715613775
03563407095791770659989379472539932342029927108719094444928364769128696780746389114662711328332317101897605405762366696685258
51028886166761571928495784637701472714361996062472161834074604648532891598426236738434463425825904067874255412884641238864279
09461049789236345825124678745096981967681895690148557752302092224610029699744040688876557231755016371627685900044501787408176
69038462194595345142927078837764191575425682190321327599631004752341339669482996843765395557550818662981168288222561471782059
64104727507349253337659278341503044929879013288040836238634594055806086103034703254739351391985803755734832943959458537166637
07295620351350725917583512772809471498750358612290601529465856227327013560683871166751719537594623094824354957544161531155782
75107925256475164677215695190972852688790572729367177311754538409820082641082225831487405959412103756221951569111757744719199
14660205970626219513290089856474696134653340069857482999385664090445148410735651919477576260642393460161188708476106286301288
71105655432928013458121332991689134433442814321613429058114141390150472093021255569915660689800032795535649724996234707076973
19344418190044511196213229933079559914318198644883552114278895628004980015802342778423723329502382831474920210735647779455014
30023185174123533627568152323748188850196418289254110226284335505133720779640690372317980536735781794316145251162599830292416
74513326943754026697533212468715560321908796225235366458213708320779923091384427274796483488081830108817318346892872807751641
32403724685830172844616437745830503505291810385518197781735604898056098380927303329279554375037577765062542060851679886990650
46773734907715134663726144587098139257680957354474781754858479684396096658308516498692190445481748719258935165528582540569255
32105974078912936215407798877439371828761158594534259896248461303651943178497423714652529966224604967152422412632859731391682
07100942440945804083884481306487845137794096845216317677303551362162891551102023755836448898636284801550263447149621051662739
45242323439957288878561504530740250580518096773184480483054857137441559925801592935789594279843140177148518200612348403574578
33555365911715245670852165078898156343908239951664439899291062672640648701101308197495603850288041349929365278923410418404574
82220012257486221117389590979259650831462457358730462627100664247024976448272503693258544428295197271244791000405321144819283
35140056910501210858773697781859027599537510707667372348374650261229720590897691171839544071773650248628872321642368306922275
67601693119072231667686191667112386823272691593752045005889624801854006819832647902142803140098238045066227356426987425855996
58032093753520776408210217344927498057152950811687985160901328499874185389773051788810689068594280814243683076914560570449834
75002420250260989219067729922290758235407812899806681360196430047893966261831263850304869473525595044480061563855450887766904
15124607845974168422603215050059374971319702034930075444229805781255686358976230306887559849460069815776397588588434707197487
28925737742240374013814783333830295818010079572572294626559265715437360073314270342432977513334763670734962495857995178783986
33499204396220827492342345448028635637791220148717559609731508557343722510932555293627019073668028910883691780213513458286751
96298198268968103326538912255428088074635097052375724773440430006213663528095663661917992466615585050350149472380061661935435
46954672375804417729195374547462646019200431018031561617795912972285950645474364769861081993711464477624808792796477530605844
91601170620340769709418479682673395075513567360103785451693155784895519229198519491455982616615647103810593939649517520539040
07828016544021654394757867505751376740897913132327225898291270001316965114063055386131074933327975713849746439879604454103754
75494949381637757936133790768888337050933866246501194075376860726333273588289793594112346057005623478623726182269400603743077
53816855095266546038662044280418718563347200389341431135597912483966858705109487145649344333722260981227386491550017986465191
19948581896599328804379742308306629159956119541225345470684062559804905908467825359745555568107137787961033409504447359078026
37122285008013487620848674975107224284331318086806604530256377102437010119814684137326574690012759634642465040230702326297819
36832412782398099846236915634290882120938733107380533801219260747992249016631004106866648347105374556696838233382496456056815
51162861114276829588857946863890250876114555268236856619596454822392214789988492609896645541954772699416956225777049461837200
15623854309970540242152711127837039600183838468716048914003844383232030539944583427008924498499417627685837536114254271938871
15450624759356690142257255387531375961078018416272384529043850188387621034922300383968890756696246954706603394782437786330695
99444783180159943402844695626155389255080397472194548569820497794104646394570148913683616099037826781235044900504290192306331
19514832389600114606358717118407273046747598645404882476926351811839362727076284160531593969346897106362225037434998144678530
73861876129594504428383261376727786983171547926913784321592267631597071555891906457278151159322467942339012399151073463516443
10152938248489268087324136227799730045467427659222663283065711069218247723874349103831288121331887990058309601702709706424156
16506658781079972687469530150851211576550776206663255687738045652118223976164632910581607913755247598174102331773659362260327
79747730152891237280418382267274884774179915121468483209903707093089093829309132954911722754427128742237094746636698558480126
98179280005598785352357427472006297709779782146000571053860858744169597207646776486830532345162416939483111059629169355080723
96067706298983765418377996872060849099544636416423678363728173675874689823522467726208567412118295110465764505326189923818774
13699028416240559126978277925127409775373123778110501586549061829215783596791136511674316044505929114362106239453434807124757
42085028994716821761992622160999088832183494768141561257996930477470836929993604827381804993053029610281977216815726444464101
91541849445929447760538315925459179732488986193452891458259810815239307944873643892381101779074413083920167951245507726927896
16295197442976823787771815867180592483136847943182096906035656783575363428439656941202467468694609822997944706186862731761221
70069562996794142795252752021245721719152632698254195270646224944401900848398414214658760683276590142501962265720079257884462
88152708465808334768174433458990310243243155527468189873732722041345256865461918811446063832215260189875878492333417024149390
48998454926375739600583889950034042366943619755699449412563576887870994989503836776473350502821186919431190994778075784399558
28513410673902664938279595597845939701356765746479134440582438175879893522049338683976659785356103149458862851993547404940546
49849523501645536172890117607415496371240875692728720724803671726492320390078831254733298037613456039063167702678120845905894
12265755739327323500252897421852307806533659849744608591791634930839054354863539099166038494144051747990408145934098440254419
52845490450620773179675896962112849821614733008769631793756161740574550375093835424839767418446315974141230601540772377505850
12063752295619487056293747839074033969714388728138105035012824438989393765031253904440983215116084636576982947801607783877220
16163056083812609852207992005372759150881134955208431515603527141965379819089439868574766636784862017266791889592033015061941
11837615124437821404476314529301724737746981893944943065032442209055175856054402391514556032136107532622096714565302136642607
80133272684550937749284360526112274444878780680524533267136360672696777485149188787761419482008616696588279322581916529700105
73214700510342792712020473476584108869476676746167016104914148376806459603174606634604448654271547596908854947189637563431478
69770625968351278675438254496144689957315375814745345899460831546652914410373429863581363542848811190578701793161680011504576
11867235230040619497790110825221437300522680167223177470691075435295075810514251573108206364330728542191674450906728644133707
98634800744124049245648712021737330941324169009572554731622710428307019403764641292278882675553502518033804303844276713050589
19090650349343142564406889963982233223756932395637768222121115304687402952467412761162471971125528237445398533119792084301271
92058717347093350893844305439134946130769205956372959366752632384752790206372323199807303140229713650792274244250319729497405
66758382686937356511388387855736657133176881558753849585722612289906667837386981567954616748679358551393539908137358760355710
45727344395812097029773568400974581701367310541528920328528224729082317870183265742329925325089348738468312318942765193511197
84718462291762141982715352347502324732832781421008780397880986808672251566994361380463638567321550145826724091212367686162332
58453657926665275830231603117490154896945791271358620738479693385871285869570426632400518824949456004400180265575775763326600
26498933985559434357741794671128993585036344195656417785551452902498128324079873092846027838057438571298543621097039750126613
99376956421403287096135492353255481338516266004523099601383822651580044061293494378315406708559298707049328953832369969554867
82629778799153759323342044660468567311825722462267841982751212397284052805006087131184404379367307546866243576428771954563555
11379281365721539117810064733113084886214059844748197185357309203023204147308926230072128605881881880072334874116979431876071
26424621668930746137747709194480912084718082363164122271651916553632839920853132671120758809212228917747477564039653950775906
92238244542958441908653981340785684382797472193688236304948784998508580081039239548801460267578328687673551692896847028861416
27440995130686130537990724922286534945891338042120783036782649984146116897503885852299007002886250646973737328171342634426515
39828562281657623461254680225969503968945958884441950715414231054227129856655946082178243708605182013918269469102279832247848
70322493171941768110128063149666239835329867979878807174854959133039263127418855901911807355724459251284635162633114212249831
12279461028162367336208431591209704958060079613260152159057310582317131900047473590890459096685567982395498540885208151157223
74400221808716937143455194094744121438613194854648804587984830856274858161473166897334344258972263706521053122947875298999198
81026174535848104416513040202063566754060505210975799714746979100213431677723491055740498507161534603682051339530958428110384
98986013139693119741830449667837188418318435598168329313928077960788251792041111391014371382417804647294253291363905709290509
75465910256522800813374137823654779949479058088048269673133622696587206416901235499935987673931053400853949905880103626607135
66066401940752227407086957904864412283357760344508332579678606583697559483085580343466216019852556607335573364641616701428068
69299753443010681583446379209638883200024353823183873591805855694945888699832357145138622210663905738521764521980982844842089
05798372467238341104031973517601374089047483821256831817518625278106532076782516763246561522099805384096405207704554434672750
45688297838024756142896313608867656034442479747411497134883530501017640990195117504631114806536835203581329634078599540512034
19295250054618455131173962208446210482588308501369209698640204861945456603824675402059412930805979703009975350882121411766116
13682738033125969132820746577072269597848876724143026427259151243967385096314878507686055655596192734868383690928435394122269
63316661494820650519643679434690302140657754772646293765773733395287306672776007452970019715194622605878772657740528273961571
90695599838689900019122805625949315616458621367222543298418514272908496708467596172974759139669337477322905844290447479448020
27101301955090252687940927685815802412483043478309512367213086656152671931866904172720348510004742614691282207432237926045462
98818990087200291166291000105535489667266040641271067133004602586260309344850731358288520341132535710314439720333844536783692
90754420948202612404799895323870782729275731511911376746952300311460067960552769753904545266117149320902638355691750036026551
26445648782335099179323434431363831365309137416325983269554595733851549510492400270372848016551245113955949730741043017684371
49817252107113434785487443395947235709848599119641683087856723339812122155161611283959152923338234485185313627473641989218927
17766721453308622127985964929379976449869381171417039980989996156669725440655756900358456686228528087228083687013485640548298
39718438015612224025223570849190733078923199662497026784288325811609197215500543339809593380224962900299275276197557536408550
54347654630314697394454966981643065579706699852543182390228398464675425652982835437109300442851720748549306185589390649954131
18958447954033922546840188802693453685671439768966469110004623167976118150471280530302396916999728675833319507923489307621402
55012100693863441787749730539851480213769915789656041611238408984370719119714140694370434856677383207551623410177693196522166
74754547433629718433378157146962843658180483394502170812892627931351311253133570140633750171937406138778795772775605537033261
78352918499828956534772860711476041625929551756008325347602290514052605660752679173959327429909513915203173674764883740577492
66899925849224207875625725681832850208725175579598174433785682978552126208431009514657182538133159751340329407690487764748611
13666689003899739147857214810648060263360015806601764268495584312668425248357803419565888835960724621930863980401692803407244
43078636067915046984128165098190475994786424034003707085744818738112675046172382835667085673444153423518148731519280654541645
79611820971926670655253892264902276603085131379793112255801610626642763756808819054124964186684240292366864660186536650790131
02442111772290906726343813794375894539391771400890514199204327585660858410438894970026522806138414770153145523978053385704705
27707874732875289044132027035009085183651102577514258877438377453644939829566236823917265046214948471350180344638052069611103
04079537206660294289589723130624917085463481265347530551445930948764300090772317462998188402899293386374643898250403158407559
52385344360381783793917695717032694083960571731035308108484119981811902517447207209018810141169384837380991908314376993695059
21304850273039903018914511886644789652575738670963122116674502075403076809820158519897943221775221261471294900480326171487666
34298793789995707551974474796704691815374909488349124112091610756051613763679643156921936718353035584390376611349273793249153
51580664385509647634518173325902877582539127329113633961848635453452272443567020691117508151275487658671164381503621629590073
74344444099759906362679473718070606091590102863228345219626739044857857972371484869717609861192214613365774995776622602005287
51092145608254507599989737332750330863003283693747227960711987445905157307857169212113093725769634586113390575457902599477695
94057781673964015985190104733814045366605354212296547400706829982599971400130121940139509102994192818491507812164120864725213
37323750901301816157401512214996054987094880127653119091535052848178993441460268842072235344242614169977317080121425580012010
06985367532394480697666314595053229415169655316367920106762239559686242293790949638182222154656292282860493321803460709290963
62681736767193416207323546522622923901005453824520469971941546615268702176836138929924775534783397881859634328698163286803286
98662037659315378736764386353215043497704160534748607068454900214499161569877830733884609022514448262718388922273779935874533
71916509929351965508959415803875003584903031149011202131249586094982382045919473972953368532234168191767729094521705049274954
03095856069754957707053505263520605876786815034381182450971995608321582688539462168973236480750916807580556010723613486312813
41374480974071879355387842430213782479579078667043764203745071004919137896589081151133538938135166941446039010821661747215571
98135176063397539542929580386583568897885565761864767827358536842885557492905043050836266390298875468228960306366343909055361
15251485714007415551891182672374090359103235757515443684529980510028981457683090101438039434544453131828392580301701522929104
82786915334611760629816537838671086663234519621899570676248666553869871525912186172120269963928837537704341731972662096519401
20772232067482269420884677409449453545226054583070294212957514170646814179025171325708875673531816815473583238997980386651168
77260785982232543205125176597136678125166854822123031415530424988870297317489331347210050074520540373890095856681020034595898
58381064887423024111029934021368901093333767422944264378844405354196353047021544203527293453663300314060038598757684868152836
53473933666256180499985416986361580230938040429435115744777547943718535255426286625221898777409256367291655260742977452442590
35922398313559630482033687308733801153176492151730679540413302279322302244899369026964832337370871038803498675121748613641427
55857051430383381851048831477506355450342048592465733807394640218045765588265909276872396285144434680819050787685563368070119
42281506582947690377972130971662269515523704957968415895079285414410331128858020850424906107562795779827566029726641193055035
26219561269814670626478748698283537001214631570806851648550261950460275784599175919102137005275670743790791443341381217527642
42507370578076769190411024864067740691237821164897540607063111471685676296702085517877185333390764595434188239723561264158951
46146025315429337906867037549569386114768847940927540136615886892448676619348407662314379774915090070941451447573316737823265
63002048667718117406012744827343973805266951061599327885526154400876779462569515736550149665063330151857938879093797565493553
29815305712466128715961496978894274589487069272426890747797002170413431814929513575832026423900564861132258868580572489704621
15154508017500550154892377790106569206570438359264968735735956761897320281229101361570292023819193119509902409999234710801231
44478083999098662135332014670973052513580392738547267169651806019704926186853923524576676235940125864811991451213971647381587
31596082791288227597450537557103450507951550669761334072290002424024515517981402979156448827918787076106008901887406331430739
26727843314166090609160479451315504845258407337844638682410647935330557760684345315199814379251263428785092680792176687610476
48815095344901730323360970338115893044917560870949137384428656379575207035002432083131308418859178019858856571221919713879465
85181032067119697030514976750216766850707573083273697827807579530828387011116999672161604791821264168635194104897092779685311
41137206340953358935917142154129758242300184920164637193500115927864793614439050129702891859620331836438056786551735397764519
74310032293488268389974806324790529865184007355001554276928489039773181701666644330533982723317500516219482562856029739750241
70456341475494815019934355128618480756524946077134921308174091699947775070786680651846973262882433093997254252746948294109051
18813167984881919872091407536035209322267690460691014625437576953981468215165831384686615641992013407712117244170998039894860
33877819936639099119320605200503439087771654092932711755258152240671640896676811597926868657424632763497469911772956631003789
23291135072086875170069291987987069456475724151503602720953949099716024379531468107408580029890030981486236697094543217062048
26839255972014469485096165888289009175489018972908391358144036374737522519780241951172396153140842917436474978613096909141300
63413114663836240708670003699466081724125733371029726644242452366062373718712885505529689732851908440195487318793046734226179
65620689675925982768210680458408565270732699957850367160544706799082211236049614975378022675769376684373785819734478371846674
81149039708521173209135607620059221024776329738576466922076060357385973367611830762240243878760731766045850586185777614104547
39258505050278711560539471158695324138162633085299218128114242062387089752547450985796669404628505778509502424307749200400393
22692747306869505231547135606461284050379118463637795774798114048337534858445742987238349941686202120050875774874802697148338
06800385930321659518300528628029128176620444470698853574867257902813531972884138549775507560509118237724428614272455208561318
58112955848568557543368101897656264163271595197659513112159674382039689260235118509573779279307103729815939671324588283770090
24769834070377295339387088868947239583399172331311567995924461244604962224876063277240394302773009598247484739590923570134566
95121613319594587593378319183854442667869682451566909822943968520605167457409046641920067891778030470463370880553650048245333
15938145592935217097700728117351689561121054024892127857876981859760212047872901578989490793654336880654087270076708311189283
81222158799402716873283545498861981621202888294884036329806071940546354569475638843330557486804370770085741106668290498447573
00973321358772664070276306916329243480177384760601665739387801440464137636141621860828922267450932151777504736218572604218542
65622577709969073653742505332722833586814878713252287662766614997980495961083558300676082071344330898001801367633837172349404
45662530569785585406048782917046115272993232510265274954281167624587386318674482799474892895761816541863797597040631344586402
95044248047904482801147255585048106261154553604327284981533567293956107222273708772650808553048207550648411859393601788022578
97659568114968653035774691379669356964328252104214189591341474393147772043986414249000722827801367734501316946483887728431407
04070484326669074876649653056081750521293319497418230172634676560796720987586501241657418271657661147247107116580882926123013
85822409768796565417764462257050369012165439129196860072919190862976618339024972451810339539758095445129684455992482324430560
06787891523284111372366338651789426073018350080520555537502113281740690042183911670673297738490563749778544507046564848088444
55967794657120530099390735755257819143107567621193505402248484017887735795972273165404619256247230861345844251736246654052880
01883812814521073441745788057321999318964819658679269752498881650200913357329563217113488395723834875972070849455801399191434
20064107145665548238455795317306847348163603398972763855226572248712086201321274907278996096820804067594536776145523546461734
67954263667289877266391454183738259818296295385560273319861452732264344494185723552471239717820599673833850884382264950061713
19716882372844385234618038809225683814417217668641180837349418699565564505260946678672778362753342115881725104066245537969069
96651374896282912623544382607160332525722739226422993031092625322830510222345188716390370522627488997104775691668680970406366
22306845633161697739602377767836934972325385068332654027984048343739440317514309963405148509673340302717081044099994206145096
98662093441822637761321404104887431625859990209292806118444942823906260537694460067762831200389153571984549521898853349153872
58404993495903568628686255872861727636268566268304943389948129485129433368025496918686723262645419279552015345508826160872249
47703915654208294882701617528483168893597411657738195668287284956343165646659204486158701743879926414674615041369488038631503
83305432852001089032651170606460917345456529608077651274804508050847847194994345491015948273133559198830473644807087642668845
14267889823461700807888921048128911705562421896088227369457330283531672099476615156561194911572664912672253864165068769244708
64399345484742910792632951060541187886558974630441620295753688085143828349138733555154870598757481463019697319988955658175632
94816604471845123715023330123936887580476226875171537108749135293957825786178060988111269309950495370464152265282487072540265
20357801147840187163263462676077951365514966950997239356477860803554903866418611205218023987259595308630675664206292959658895
16020344975242311949576283227957967506850980915946819529247481517048802056583437148871620974285164794699878351215283309517298
12652554636078061660750899130617794011466501047803497832749218119554625845815679566652007761616840384540804956188375050332188
19379155644668968402642340706826310482480674459512518568552494895732557823271932811765261161779788584033804676364626238304074
13209488763701278835841510922718509133897487371002917281872556090694110795720952332369405307664849521046158429741526781137770
67638465078297849689389816454153047796488695783443427141802336638472051405897139361231875326948188215102785158166201787789333
89658590154883090512854019677587667391402968948783481911727254657165155502563100834264343970051104855933715968594575569603291
76923785238544111917238556802891526626577828661305126967797109754158042434890754115262087628976573093088620795240351620804367
52608501815649340911659833628815029862343064364148878775971152286795814355682309407768837756421306318275641923565026462524177
69632931485955125455671345269439261724147141805530416612964149541853510569348503956499092405261390130108708844494385330899336
32733441487917400569747274028617054458385123761946986964091280840317869850991976118148958906308886633348801657346763462602913
42180773586890687797642833292873062505807622007129232088791628657893583751533217284326012085227646855835687536790932600220296
41116322720944149315144187529168517749464231706857639766032760064514531597903289697076514441466815506123233286107425547126868
09948633701736705032538487708855839786506358214877057447274638054576597103204151676768502443051023310613909983983791879979899
35833814747844819488489464320460040993189403229204011504781827977564213875677211357063228607240114709541742979901481424703196
69531220373649991030000264486015883497304280621259336964774516108865373240688908064564646047293480498524854403838551281945324
39413830097535060422214079308386364073716142196685955975262676889775307146962988739880835970599025040306248816513818528661922
32975402254058939885707862530345691439878874246491427911273595273728896916083354398867417151213709318375411612651348988479502
53663074275403119999591858800643453347348279211840126484068790572792636440692444953622276310864368229285386920406689248459449
03341989030271186334809599119749231126252392705433967541393711640499158187514337787501196326913155482505485986515096689001954
96518459709025390771740031655481151223666861713572216574990610795971166759559176727305727966305002395779583011699249848965005
71202419893471479982657436002372668739510752647748371784264387944902166929150925053716968454206297225105993606325242570979834
60997363478714673815938063989881363183179625469431831332807412462562679429250885360990382975779295342661781642655687569403201
62954587860179370394402368418289292394452991072238088981724074927403960212689258713466312287448627412393599666522235389740793
13722782121988363682028505808916711944960842266714851314401622402448281374041754870902122758379911339987721293566747747694444
38760511349348826346926801148648585366274413845769404433424542388828361386315213510792468305588361116761776942601374700723947
03479388075022530745978378975012185726235426330351341166003361468565216751038288710010156707879289650767231646220156091358083
88334710623518419918983458488585663864473514975706895496423128742938424124416928741481899364600197205083135877686971824486923
77600489582743346468921614151378880258581435230823559572186431738496317061573019633296139295052943205347431502245488699699784
12192527656919239944331459780707088330893747268973628987036310079556603727166880384563453744099052523466368553848196149234290
95602952484592216136309423802276187620479951638472722358870501601542478293064209676366032053255024997885324301160553171843403
64708698494167081097866413642875742343952296192487195763465800245367491059734229908233661324094384558228460810419869275687259
09354552290605960733631097487587856073118909833940993176353885180628988916930136101400881493387693135334655080780621818718143
25539400352118709099939212970346279999565516499510579000301394620798413840788826524386375880329799456294748127434288168576706
00575070651852495776978264796273589632200180664549269348200604069914554962195627645316486618755640855365507788753899030340089
67481329406748388031519377429477149234468252730455045379114750868574318874963054871001749853118335597030890092470444405674983
96139010415677320931469554356465400180127590054486739498349561927299749781040438210662984637795407683631997706032808535123520
74748831366858592982427037804280582747279132397620511235210071750002067738535207471405237829183999788874716526151734540703308
71752970356443912161101625721526133190002534119949070089715973865121625779897086636615331573203317837519884076207920273625848
78869571368755330718108168516894991028506256387351899634531746546619783248671755774442534610771523926625181359820501696327310
29041904032425801999436075732149965562207688502335166462311581433622506039554676096457360239161486090753796469360687292788553
56577185405562982965727624753037829826755000226691928018721395530277438346458761240048616782485215278867854939021697612963509
51586110041768438474150389640162227340415977291587359335211686801454611923171185020783880706904941787941951848893391735331804
11623234216858649000163929632556440184761246449683420426944752202102593713625395950003833295483890135459537518831674243519024
55252624972836137459662321856415771662437657967328436207413041392469491977506797059719283814174796709193101013363955383291291
04277545213175651463022107676915884226682599371713801770223053124082481802507770121933039246223930596099776940239708741195183
41528471073098916339451651613322567642326924530847422790438560659678840691810984889520141232483464691136218116555610692423849
76733783864124525134344819746815382761906968195639660819645337981050868495831464272202548346768710428862913257175788839392776
77441933847130521480338397670926837137242421199451966657025852969456044974850297580456416127672688611788880442974058239791279
30925539816884742381335163303914544348915892412084105263172187580353198489156821460617930529567515952266049771369285458792853
78824915281375085045041538020887753184442363919494749746862953461273327808890305389636733893377125269597569606397592718966531
99311087491678890800433258543746609525051047125509312563866932404339420184305337516356965025557225359549734056928512062288284
81168210859080809774339193328940761390709016664125075451526441454776829106590344961934879117330272117345611218899943928030458
88294546729483815488260021393567584064561368041003448679992686965925101278846522496367658039012402674932316085241666543689764
23376764960320641175492971052516016059415847554480204194523153759407899291259713970746660986186084327547747537112440958868529
05716804646433305718878265616300061377068467095010145458456829851089381686043649190378270501280049190411587127834843020000211
67352038772438509251535491082632424315630655588269844372380284696223475018728323320761177234430236953187563467206658283579256
61588303728240179354293809390353698767389111051681796840274909256146546947124981736775740402251542908275795482743069876433595
01754186256126526315194268333660716982788762127232785009227426103775017552979675228438907432036885105843413439204945000315937
30372141739823490837350089778922522663600506896584979040855976888420808439069457761396832278688698139906866620909858276644362
39590719910219928418999298133816533230194456527795851353895526848012835567107524925265600021753196043954412771512193924762215
62963839775359739405679786407185222965922795159378789630484429799396353433071357538110105252943221452561968486534641011990979
79340936148717059974923263722794668654647109573084202944812713522789932304308438154763974472477751602318999531374787938231736
15274068620663681185193858174691214337845367124421723316657416882071243788375951772988321590931464967769745811100787959328808
44550587819782816647494313041187754963806104790638483203215382841075777548484166172136171441088341413843941015701266046988570
31912615395514529171727428550672598010470394042261998821711823796122513886323760817385339461512700704123974586245372375893019
16594312265371764154194632324232007019474277120173508451453510576574747369651839232898325986966504042978246418943595269003809
44336913834833973681232514604025189720402716155676146964198417598688370667038329902215174929809384460368916766009126769939527
38401422802442322901826009682468870119931403883731551104276435027761161399619571326427328062445471949372479576465154289342030
11630009266389960586477581159203198688081880366279848148960657742220413979068990635570663236012664968661956293004136485107228
39764558765088618911430722070521666971191139748473107313636392018123501804554318194929291510672975733334513556578567166580994
94485958951502658236622468842185046435534199801130725984141957708813092113124734584734698688089942612815906773405761120165174
18663998330415731020155803256027816329512887894590183974203356408832956516273283806531574179103084745931501765234091692553404
89790259530229726845460059896018728375834367813653781410113234524736824301817396670889555170844256673746640269356123457768827
31614663127623446941480909873660069736277831192269489784988617213307559390129608735424414507761807996842223219211040552096940
65325227475008442914244087085907504788699014135534826394386140731736027398178198198038396287915589012947229597012747800462040
43207561809480999481513601902196653484281869329888718364302625392608266383903673856208897909873160611222907935648975046692315
18370274654905494679436869317566246577386625805080401576796216250155190278183350520282097193783404917495171187498308146905248
12091079831890743727556647477620758673084094895355013916681435269439110692375346789568310670601795740586576267039674514390639
85838285163010791281361287317609637237518004829678027925566804421006624667022874388977633281850463235498087748919919040491582
83296558829479649020943989061100961670849265611419389138539711061764430492836880329089966565627591858576633819833406319015825
76739306276871010465708298978881140810823449706399789498236543618065533489727347377477623893030438917039442403538097967805402
07049349250285764938393412456689738260296710888598362730772032852493107833619440126722379472146647266791111417711003769046631
18798634161597809212214202115822370245722183974708722938297219484377783441222020368861353026356836180962774359199786184968513
06254340937782095892447327927499434372110124871410328874826057933593114754436455503775405831377149307911202890205003902956847
60677507645541336892067215919329650317886090330646547782988940128356831437661908927202409064572827485033265952224807110849381
24603555144247615716202292591524085974815009105089940562970395934845975835097109644613721060986519605997698615907442532900538
16099508226127114063719151070702336586863283719757587753382201109870591064194550745791613048700134733099588821360997170858092
07878133606557375349384309522548144494112991641880974803064094464160640687439984579152388515522804171605577731151381478223109
25948451535124439475003706614074870761944911388924737794892153744489789391084165559513721727731104093312493199272697638271443
47353440600658521101296550337022540177259256568075403597875826730742133801995850229478185285577346078313109980377698574003131
54647960469376136222254265283131776691708251061400612414664332821700361170379016530433648853737596428325682842884189865082363
23386443617172568372658757647767651241839956088310970918063626885321815012066068589754514721212352743966915898700506144945960
17324551021809713860833047290267065606742148416587208363461603394245341320750642124682572802824154306153976260456791060864966
02844475790886985730349107489833734660830748339676918726785992118057195865038341265875116380994915387757995110489399377066045
34447567903855408904825626400358044319128942430927388035706954721474374007426949370610466619003048188033212527776474798203082
48598218646747408797600975895013827259184182744699822630088304324970786680722685340453009170737866906686264784596347021314388
38673928944299850351043531685448619848530834700996491952363353427271071496764466734988172446016377680025389735414807510809803
29954295073254931464428461325278702985166310736449683731030510060361879670047075572573195875632097163495884636202555107746068
40614879883566681532641523122455281742450963150381811319585299895157148860475295375386291154291946286100179582662838634948992
11690662361513432296549832891318287414113178888857627069074160006712813412281404184546022056901303209941028632773034762061751
79378660021268569375123567480500067143929090552571511103748005058387924759363727053244138124862699599900002642505370276774829
44574386737248262668164664201655841037716413563642350019040392320674032978329011978286117678480239671158545441546190844388603
71715308392536830971925863664502549956633422520968415022521579675128144049352617116240953513535179339590916746318528978813224
52185796712350020232263854349518744745363898230173074123378848943904975048075239856051815343835299017331740912419747695886906
71981802666052887279472961695932429183114860719423510717571406266555236987179558122243667902151680786065062185872294222233166
30755334305515306833639746725706611777698911279047148442960124262992738862910929182531145477583692489209203601321448897994092
61992878068794827162456796900946072574960764990459006934153412634668614231834625227117317637431207304993096520448302213726426
06621761418098369426509029334763886447602087146581048357182172744513498273837707080672328635462923127453352415117180381591795
53526700335166022098951111027962814914954909169789235877303011702385223882871468080807456146817764093584599718609162317517497
37431970775086437098730215574073342635211338902133127384951951784612920557148477154286562599234491814281822036624482001854540
84164660355127198631339547265997459014545549455298092466182643666112920116951716440394812948542265309361451642129506225732530
54555817653429122798991008634567429802224766045893707734405779318324708791016998201900855631330714767438464284625562532541797
11863484625865646906996955661606078467359435516120218420081598089432836019404828689037097582279326359427123654974121493896502
44652407302409359877037291577851250084690903040616583974669087599125952234587896114360873762996896512041251526605113096856019
62393093425173152053475893622438007623169058800012138337137536187497694895561655330538479002403769023153052296882300272255771
36808204015231826783209580747499545891402992833103539173910054286748731114179956722825277221723863479057866291326102816278033
19652417430588995930299574655444600533931548325943372263050518149988789604996606822108769014657480815553535435066129462750884
94029457706999094210580711462815994387750385203665238687970213580842554687880647227121832600088514513168010463991722493321551
32553332120990349572854896954494192902267035949943822907042463186642077213828748382505450066493904265882783184426474497726784
94024191760466994875120034467774823492812612204694511770479292966605085128188099544007923270296904914803015074411901125918904
06480199275874374649703770137700689276961225328044144433997088664911450501925114714433606516738705151626040309613519211137988
89103686767944859780473783944229652688858504309929418680200811480212068863593490225489568525188475016299721260113883369464170
46771602270409673329032502752534615487232051229360351956002858987112510220663161543555383745211727862736382014487191830958998
76530947180599862597153616100768726164165289617543527909111085695499337320080123303047089239534935314403882589682599993869702
13754413444849593682611356329926770890884045681359677200525111014926690745836298973437964568393534263920804983770456818932909
51069806252659446145832234077637406029279015962032868164535127690801078715635337481508683033696770853064764353860671829660218
76985993973434543481598833293017335195490249636763223346713120273153846397383699443151856270016934482159602591762994124810232
88457974584645383986327017444471512042439361945812274897320333152859273916292218709402033353028081202038149356896928224957472
60165830515104455991864506503081785411630520763824853531327027260784826841258058287388146974880197341494679252376193302340266
98014863917287979146590020124450152990690076893722589691629356658118973021336382962178684392199145882608834941588526279228803
26244405060457354276338513153109517572291181180613209471352636557271068629217584986133929636908278340607115181317025224029337
26844121940467905308034901472152765553771044682507638074036264651971213530153763964379903974927748353113776447795747583236978
26518209799808644991391993543240458305160478264099901712647370680060405113451399555339260387425044424946175611341213907348179
07667833061183179549802964023511501109823127265868450280178230044802916383414726949420720484879576229105957890520497775717307
22798486121487492000211507256760282844245259894404905759349281159971788509369442283148239379458933977676151431049524560405991
99347201300250259740990822652076477001540881693418526761237524534024149771413183346330617721020041764880551349605656095287425
37174409488479369542137386494238505342536885053323914033820315280010439736635346276528690745268623883513791309547988384374190
81392194977531420832745989056328426469434339874814890122899521400967864541363719289703559992830351477223600768086229552449900
09471056860033383173077108513915167996453889466509493422087262695666848020342064336146476938360940395915785327071791303638681
42007440172774833962823200455562047380680684053786389238562324484895757441219661344990887434053184838627205443850313710118260
27130128778957094264524471628869322317896529995997361859265986775216243655936306072490340592617468416018092493646688772423818
88055555562585154125341747661951646596073131588884451724140560393131844086771217323035476204864580950121499637357176467730011
12215083747727908822476195037662347178152553361353920331834119887749295557783596297440180235846439245990200013614473788632907
64364691877388622532459979174021267358769828128320408635766958456378764007634492623500736039851066576025279625706182017847356
77847583811650608883064197146200966550324996390650929130832697842579157953129908768940372484308266017723017125247063769192620
19803487786831417978155491937476675423354083415502053639437945212536007490148392287946291634709730733346056287698332549863937
82943019698676238213016232872638422635780449736251223980508854461153328099633636379000615152016338148456854052387941658374777
63019406727532170054659801235607354294388268193098788993066022600149383337199348408757837459593538889457417961442897295715696
39827293816147518257586575102092405427074420208649634319411670995995698045648345307991631848279970030458429829623064939593792
27290792040831689995253803153904490318300225111394603773385742845546759650243495923708113296066142454373380189901267288443107
20230992220755365275222849318331323445016233729959521838697361638233061899881490294198194486174244463617551727823682784983018
26032127839388907119162196585986288204386978320746682706046868812626846432808495191376243587670202723740360809474866617209871
42173621328243889750105932783778873722538847054318264950307142532742089545685953626553635209462055401960122755215384642840095
17391515696731606370307347213252850964349607173367415611069397402422403812626981483381816606121660303877679069696207815851912
91652541551983399401604047568826671022692183268553300175240300625276665173007461608779442698122649516083346843721928139260616
56544326375116487198870273988906519489717432236208643319968322762660506528243268703977441420119276407329391207540236722194678
08187161951578766244348275310785382624855911583643397710920656459874020778717238998539585515290068322377903453166260646552040
49486386109504091494336539608681996627408760606568888353320184735722455109175509645849620166418727489672540397283816604006507
90084148938467948824915216766841944604713914810156901466094500815375253169048608559625570586456024656039923634469252074745695
50962669268327976737376993332862213589904942228719099463593093498090975676024223023758417776016261494893281837593219374767400
31312435602703814370339190785006721008522716857768513191408940826428288878630051407917294180111584199917356023864164815621875
77519966683737876563347913995664010409828151684220348006695445798414898423473762297085166959397647672529609081492271864870069
81536707249324847845420088622661196320971831677728897377519984775288961676534437482080439767768859099694385752646432992865217
32989294978240206362694753018037173773888074417894735340664195146172541794053600268321115918342248482226072407978974100469093
40872729977079890969373534535051139837945394485660445905497484269243156488742999327899625000731023392084111637880432815038739
57760499663962122867228533238684699967821215530720971359455303013340335242035012059406455612869695911246081193971185391185738
00124058788549664485902289336861310596741076990299486037689876187254567675986389279875251657491992122972413089042135061330540
56293157818208601072010279887935367238738369255009254209497396621914358854277627028881000618807206775697380422564541613296803
79818815418049551845830664653940113600325817804748535141817368887901121673088514042982390852559967603401810999966743178876219
55950412305415909906636440755638707419894631932194166007195736438670637766920407074901807982219579915313963471203887085468178
54724337492096375505120596194090327902647473669406028966087301340292971020823698171556861414310335282102615829893422001699065
01837128443862486643616699744740466223091462611270870935885936654606067831303668412398985529692356070478575337884611394227847
70895831808108734232281000017697490368723122992062018106532199966839910887077408078354589211707638882955936400486286553750005
42366277317614988428071918403623801266849069207879906735404658867503177484712202248384974885501995580848021026784375544348384
31283232091865715601281650599197524924722064750441414180786576173882341115261597124645007540877501257181886423779871201778400
03145619230795258538106885035733557380478964351204853840349536241409810491258954290130003571598456606873148508153090902223863
46689967414603805741709283036642164723399280771386042858699147584642137387990002010422259862687598664323735234422877868362061
45045841721703258246040048331459012185051102794109588052366736057359811652072689531508962806624479560190309805497958336435725
22673845786129770923395721144009175601178027887903722166305691125198487948024897781878083569983275663495488725413316023989860
88010376587510753930852246567273778429690193414433641713868619057647039334329769253661323473489533169631047768590859770459049
43936977450949147894531860138122066511094106843211858043637386607058345726323700896514763403401284164691988834942166020895251
64080417543209851169010994132011265204190276410014255840772818487007528424506595850531552012189120049849615308998969467327792
16538309340208720018275179277559120442141945414188732421927149172936543272958224360785253161675000285436249379699220638146034
34320292150413278556846184302123318558221901536573037737573605793705942654389067001384045288491853260973142746783638902734591
68250242909725984739492734263562064417071250477093472940956212304677353471477275787916787370208884887766951282200065966889848
61054354608387039971545737195261201617982755672992674935347878238163178366288800606713095262191420901723379165788607248608013
70666830968131882558287103007139064403315662713780886638083287534321796386610359569145420020710577122320434716444841954135336
23447129183452899034035439579820579203654169227858861057297637306866701379189613451976217336037755235921212766762197559204738
63342045646683317751435064110608681803372897783728560934661510520944656669230665845284221826467800206788778461444871496120853
94568393882085638820154618684325477245933273007136400090377446609401689369620706785873356130675247216558272769085923175516251
36453350125192768389805726728710885541746773171765597018581717094027003126478550132362177156248922704255594885820026501263742
45030584916693717224473149159834192476864525838957033848317881646535409145642180751418744048604270528560987699396299601101141
18704636749229685938787200881518006167535795109994093036306687261217044002509026529513129666031060904995565037150742862367543
09272653778572263499751799483415853088463518330268646919988825047421494324284444583899863438800931008895103406446961782223438
68064977498432881810260794827353807802505794527139524899005245127024083840170814672985270387169326939516240342485236727747149
80943891776953102852917220212913424344985191577983952104625745072929208046718942497605924867228869689705487120875367786718909
65144561893129651424675287279939540317348617411251634073509968940618268942177315185166386829577124489558355535502716548083957
40784499361116599342452769553526396734803781363354251175535180412198710719635948106348341821669747254615288306766148104766102
90709002888823364361633615812828100291186255027439311187529224865300975062243718774197854931051428061416998156571589053545085
84363686881940789713522735502504996709812445507344545781736985649944310503293451542730026779242778034377559889375046669787144
78933124186801064470629272521144104894094830681234420721642664136796573518882549222124574436233415754893609294383314479394433

